0.000000000000000000e+00
3.141592653589793394e-02
6.283185307179586787e-02
9.424777960769380181e-02
1.256637061435917357e-01
1.570796326794896558e-01
1.884955592153876036e-01
2.199114857512855514e-01
2.513274122871834715e-01
2.827433388230813915e-01
3.141592653589793116e-01
3.455751918948772872e-01
3.769911184307752072e-01
4.084070449666731273e-01
4.398229715025711029e-01
4.712388980384690229e-01
5.026548245743669430e-01
5.340707511102649185e-01
5.654866776461627831e-01
5.969026041820607587e-01
6.283185307179586232e-01
6.597344572538565988e-01
6.911503837897545743e-01
7.225663103256524389e-01
7.539822368615504145e-01
7.853981633974483900e-01
8.168140899333462546e-01
8.482300164692442301e-01
8.796459430051422057e-01
9.110618695410400703e-01
9.424777960769380458e-01
9.738937226128359104e-01
1.005309649148733886e+00
1.036725575684631862e+00
1.068141502220529837e+00
1.099557428756427591e+00
1.130973355292325566e+00
1.162389281828223542e+00
1.193805208364121517e+00
1.225221134900019493e+00
1.256637061435917246e+00
1.288052987971815222e+00
1.319468914507713198e+00
1.350884841043611173e+00
1.382300767579509149e+00
1.413716694115407124e+00
1.445132620651304878e+00
1.476548547187202853e+00
1.507964473723100829e+00
1.539380400258998804e+00
1.570796326794896780e+00
1.602212253330794534e+00
1.633628179866692509e+00
1.665044106402590485e+00
1.696460032938488460e+00
1.727875959474386436e+00
1.759291886010284411e+00
1.790707812546182165e+00
1.822123739082080141e+00
1.853539665617978116e+00
1.884955592153876092e+00
1.916371518689774067e+00
1.947787445225671821e+00
1.979203371761569796e+00
2.010619298297467772e+00
2.042035224833365525e+00
2.073451151369263723e+00
2.104867077905161477e+00
2.136283004441059674e+00
2.167698930976957428e+00
2.199114857512855181e+00
2.230530784048753379e+00
2.261946710584651132e+00
2.293362637120549330e+00
2.324778563656447083e+00
2.356194490192344837e+00
2.387610416728243035e+00
2.419026343264140788e+00
2.450442269800038986e+00
2.481858196335936739e+00
2.513274122871834493e+00
2.544690049407732690e+00
2.576105975943630444e+00
2.607521902479528642e+00
2.638937829015426395e+00
2.670353755551324593e+00
2.701769682087222346e+00
2.733185608623120100e+00
2.764601535159018297e+00
2.796017461694916051e+00
2.827433388230814248e+00
2.858849314766712002e+00
2.890265241302609756e+00
2.921681167838507953e+00
2.953097094374405707e+00
2.984513020910303904e+00
3.015928947446201658e+00
3.047344873982099411e+00
3.078760800517997609e+00
3.110176727053895362e+00
3.141592653589793560e+00
3.173008580125691314e+00
3.204424506661589067e+00
3.235840433197487265e+00
3.267256359733385018e+00
3.298672286269283216e+00
3.330088212805180969e+00
3.361504139341078723e+00
3.392920065876976921e+00
3.424335992412874674e+00
3.455751918948772872e+00
3.487167845484670625e+00
3.518583772020568823e+00
3.549999698556466576e+00
3.581415625092364330e+00
3.612831551628262527e+00
3.644247478164160281e+00
3.675663404700058479e+00
3.707079331235956232e+00
3.738495257771853986e+00
3.769911184307752183e+00
3.801327110843649937e+00
3.832743037379548134e+00
3.864158963915445888e+00
3.895574890451343641e+00
3.926990816987241839e+00
3.958406743523139593e+00
3.989822670059037790e+00
4.021238596594935544e+00
4.052654523130833297e+00
4.084070449666731051e+00
4.115486376202629693e+00
4.146902302738527446e+00
4.178318229274425200e+00
4.209734155810322953e+00
4.241150082346220707e+00
4.272566008882119348e+00
4.303981935418017102e+00
4.335397861953914855e+00
4.366813788489812609e+00
4.398229715025710362e+00
4.429645641561609004e+00
4.461061568097506758e+00
4.492477494633404511e+00
4.523893421169302265e+00
4.555309347705200018e+00
4.586725274241098660e+00
4.618141200776996413e+00
4.649557127312894167e+00
4.680973053848791920e+00
4.712388980384689674e+00
4.743804906920588316e+00
4.775220833456486069e+00
4.806636759992383823e+00
4.838052686528281576e+00
4.869468613064179330e+00
4.900884539600077971e+00
4.932300466135975725e+00
4.963716392671873479e+00
4.995132319207771232e+00
5.026548245743668986e+00
5.057964172279567627e+00
5.089380098815465381e+00
5.120796025351363134e+00
5.152211951887260888e+00
5.183627878423159530e+00
5.215043804959057283e+00
5.246459731494955037e+00
5.277875658030852790e+00
5.309291584566750544e+00
5.340707511102649185e+00
5.372123437638546939e+00
5.403539364174444692e+00
5.434955290710342446e+00
5.466371217246240199e+00
5.497787143782138841e+00
5.529203070318036595e+00
5.560618996853934348e+00
5.592034923389832102e+00
5.623450849925729855e+00
5.654866776461628497e+00
5.686282702997526250e+00
5.717698629533424004e+00
5.749114556069321758e+00
5.780530482605219511e+00
5.811946409141118153e+00
5.843362335677015906e+00
5.874778262212913660e+00
5.906194188748811413e+00
5.937610115284709167e+00
5.969026041820607809e+00
6.000441968356505562e+00
6.031857894892403316e+00
6.063273821428301069e+00
6.094689747964198823e+00
6.126105674500097464e+00
6.157521601035995218e+00
6.188937527571892971e+00
6.220353454107790725e+00
6.251769380643688478e+00
6.283185307179586232e+00
