0.000000000000000000e+00
4.188790204786390498e-02
8.377580409572780995e-02
1.256637061435917080e-01
1.675516081914556199e-01
2.094395102393195318e-01
2.513274122871834160e-01
2.932153143350473279e-01
3.351032163829112398e-01
3.769911184307751517e-01
4.188790204786390636e-01
4.607669225265029755e-01
5.026548245743668319e-01
5.445427266222307994e-01
5.864306286700946558e-01
6.283185307179586232e-01
6.702064327658224796e-01
7.120943348136863360e-01
7.539822368615503034e-01
7.958701389094141598e-01
8.377580409572781273e-01
8.796459430051419837e-01
9.215338450530059511e-01
9.634217471008698075e-01
1.005309649148733664e+00
1.047197551196597631e+00
1.089085453244461599e+00
1.130973355292325344e+00
1.172861257340189312e+00
1.214749159388053279e+00
1.256637061435917246e+00
1.298524963483780992e+00
1.340412865531644959e+00
1.382300767579508927e+00
1.424188669627372672e+00
1.466076571675236639e+00
1.507964473723100607e+00
1.549852375770964574e+00
1.591740277818828320e+00
1.633628179866692287e+00
1.675516081914556255e+00
1.717403983962420000e+00
1.759291886010283967e+00
1.801179788058147935e+00
1.843067690106011902e+00
1.884955592153875648e+00
1.926843494201739615e+00
1.968731396249603582e+00
2.010619298297467328e+00
2.052507200345331295e+00
2.094395102393195263e+00
2.136283004441059230e+00
2.178170906488923197e+00
2.220058808536787165e+00
2.261946710584650688e+00
2.303834612632514656e+00
2.345722514680378623e+00
2.387610416728242591e+00
2.429498318776106558e+00
2.471386220823970525e+00
2.513274122871834493e+00
2.555162024919698016e+00
2.597049926967561984e+00
2.638937829015425951e+00
2.680825731063289918e+00
2.722713633111153886e+00
2.764601535159017853e+00
2.806489437206881821e+00
2.848377339254745344e+00
2.890265241302609311e+00
2.932153143350473279e+00
2.974041045398337246e+00
3.015928947446201214e+00
3.057816849494065181e+00
3.099704751541929149e+00
3.141592653589792672e+00
3.183480555637656639e+00
3.225368457685520607e+00
3.267256359733384574e+00
3.309144261781248542e+00
3.351032163829112509e+00
3.392920065876976476e+00
3.434807967924840000e+00
3.476695869972703967e+00
3.518583772020567935e+00
3.560471674068431902e+00
3.602359576116295869e+00
3.644247478164159837e+00
3.686135380212023804e+00
3.728023282259887328e+00
3.769911184307751295e+00
3.811799086355615263e+00
3.853686988403479230e+00
3.895574890451343197e+00
3.937462792499207165e+00
3.979350694547071132e+00
4.021238596594934656e+00
4.063126498642798623e+00
4.105014400690662590e+00
4.146902302738526558e+00
4.188790204786390525e+00
4.230678106834254493e+00
4.272566008882118460e+00
4.314453910929982428e+00
4.356341812977846395e+00
4.398229715025710362e+00
4.440117617073574330e+00
4.482005519121437409e+00
4.523893421169301376e+00
4.565781323217165344e+00
4.607669225265029311e+00
4.649557127312893279e+00
4.691445029360757246e+00
4.733332931408621214e+00
4.775220833456485181e+00
4.817108735504349148e+00
4.858996637552213116e+00
4.900884539600077083e+00
4.942772441647941051e+00
4.984660343695805018e+00
5.026548245743668986e+00
5.068436147791532065e+00
5.110324049839396032e+00
5.152211951887260000e+00
5.194099853935123967e+00
5.235987755982987935e+00
5.277875658030851902e+00
5.319763560078715869e+00
5.361651462126579837e+00
5.403539364174443804e+00
5.445427266222307772e+00
5.487315168270171739e+00
5.529203070318035707e+00
5.571090972365899674e+00
5.612978874413763641e+00
5.654866776461627609e+00
5.696754678509490688e+00
5.738642580557354655e+00
5.780530482605218623e+00
5.822418384653082590e+00
5.864306286700946558e+00
5.906194188748810525e+00
5.948082090796674493e+00
5.989969992844538460e+00
6.031857894892402427e+00
6.073745796940266395e+00
6.115633698988130362e+00
6.157521601035994330e+00
6.199409503083858297e+00
6.241297405131722265e+00
6.283185307179586232e+00
