0.000000000000000000e+00
1.334009619358723225e-02
2.668019238717446451e-02
4.002028858076169676e-02
5.336038477434892902e-02
6.670048096793615433e-02
8.004057716152339352e-02
9.338067335511063272e-02
1.067207695486978580e-01
1.200608657422850833e-01
1.334009619358723087e-01
1.467410581294595617e-01
1.600811543230467870e-01
1.734212505166340124e-01
1.867613467102212654e-01
2.001014429038084907e-01
2.134415390973957161e-01
2.267816352909829414e-01
2.401217314845701667e-01
2.534618276781573920e-01
2.668019238717446173e-01
2.801420200653318981e-01
2.934821162589191235e-01
3.068222124525063488e-01
3.201623086460935741e-01
3.335024048396807994e-01
3.468425010332680247e-01
3.601825972268552500e-01
3.735226934204425309e-01
3.868627896140297562e-01
4.002028858076169815e-01
4.135429820012042068e-01
4.268830781947914321e-01
4.402231743883786574e-01
4.535632705819658828e-01
4.669033667755531081e-01
4.802434629691403334e-01
4.935835591627276142e-01
5.069236553563147840e-01
5.202637515499020093e-01
5.336038477434892346e-01
5.469439439370765710e-01
5.602840401306637963e-01
5.736241363242510216e-01
5.869642325178382469e-01
6.003043287114254722e-01
6.136444249050126976e-01
6.269845210985999229e-01
6.403246172921871482e-01
6.536647134857743735e-01
6.670048096793615988e-01
6.803449058729488241e-01
6.936850020665360494e-01
7.070250982601232748e-01
7.203651944537105001e-01
7.337052906472977254e-01
7.470453868408850617e-01
7.603854830344722870e-01
7.737255792280595124e-01
7.870656754216467377e-01
8.004057716152339630e-01
8.137458678088211883e-01
8.270859640024084136e-01
8.404260601959956389e-01
8.537661563895828643e-01
8.671062525831700896e-01
8.804463487767573149e-01
8.937864449703445402e-01
9.071265411639317655e-01
9.204666373575189908e-01
9.338067335511062161e-01
9.471468297446934415e-01
9.604869259382806668e-01
9.738270221318680031e-01
9.871671183254552284e-01
1.000507214519042343e+00
1.013847310712629568e+00
1.027187406906216793e+00
1.040527503099804019e+00
1.053867599293391244e+00
1.067207695486978469e+00
1.080547791680565917e+00
1.093887887874153142e+00
1.107227984067740367e+00
1.120568080261327593e+00
1.133908176454914818e+00
1.147248272648502043e+00
1.160588368842089269e+00
1.173928465035676494e+00
1.187268561229263719e+00
1.200608657422850944e+00
1.213948753616438170e+00
1.227288849810025395e+00
1.240628946003612620e+00
1.253969042197199846e+00
1.267309138390787071e+00
1.280649234584374296e+00
1.293989330777961522e+00
1.307329426971548747e+00
1.320669523165135972e+00
1.334009619358723198e+00
1.347349715552310423e+00
1.360689811745897648e+00
1.374029907939484874e+00
1.387370004133072099e+00
1.400710100326659324e+00
1.414050196520246550e+00
1.427390292713833775e+00
1.440730388907421000e+00
1.454070485101008225e+00
1.467410581294595451e+00
1.480750677488182676e+00
1.494090773681770123e+00
1.507430869875357349e+00
1.520770966068944574e+00
1.534111062262531799e+00
1.547451158456119025e+00
1.560791254649706250e+00
1.574131350843293475e+00
1.587471447036880701e+00
1.600811543230467926e+00
1.614151639424055151e+00
1.627491735617642377e+00
1.640831831811229602e+00
1.654171928004816827e+00
1.667512024198404053e+00
1.680852120391991278e+00
1.694192216585578503e+00
1.707532312779165729e+00
1.720872408972752954e+00
1.734212505166340179e+00
1.747552601359927404e+00
1.760892697553514630e+00
1.774232793747101855e+00
1.787572889940689080e+00
1.800912986134276306e+00
1.814253082327863531e+00
1.827593178521450756e+00
1.840933274715037982e+00
1.854273370908625207e+00
1.867613467102212432e+00
1.880953563295799658e+00
1.894293659489386883e+00
1.907633755682974108e+00
1.920973851876561334e+00
1.934313948070148781e+00
1.947654044263736006e+00
1.960994140457323232e+00
1.974334236650910457e+00
1.987674332844497682e+00
2.001014429038084685e+00
2.014354525231671911e+00
2.027694621425259136e+00
2.041034717618846361e+00
2.054374813812433587e+00
2.067714910006020812e+00
2.081055006199608037e+00
2.094395102393195263e+00
2.107735198586782488e+00
2.121075294780369713e+00
2.134415390973956939e+00
2.147755487167544608e+00
2.161095583361131833e+00
2.174435679554719059e+00
2.187775775748306284e+00
2.201115871941893509e+00
2.214455968135480735e+00
2.227796064329067960e+00
2.241136160522655185e+00
2.254476256716242411e+00
2.267816352909829636e+00
2.281156449103416861e+00
2.294496545297004086e+00
2.307836641490591312e+00
2.321176737684178537e+00
2.334516833877765762e+00
2.347856930071352988e+00
2.361197026264940213e+00
2.374537122458527438e+00
2.387877218652114664e+00
2.401217314845701889e+00
2.414557411039289114e+00
2.427897507232876340e+00
2.441237603426463565e+00
2.454577699620050790e+00
2.467917795813638016e+00
2.481257892007225241e+00
2.494597988200812466e+00
2.507938084394399691e+00
2.521278180587986917e+00
2.534618276781574142e+00
2.547958372975161367e+00
2.561298469168748593e+00
2.574638565362335818e+00
2.587978661555923043e+00
2.601318757749510269e+00
2.614658853943097494e+00
2.627998950136684719e+00
2.641339046330271945e+00
2.654679142523859170e+00
2.668019238717446395e+00
2.681359334911033621e+00
2.694699431104620846e+00
2.708039527298208071e+00
2.721379623491795297e+00
2.734719719685382522e+00
2.748059815878969747e+00
2.761399912072556972e+00
2.774740008266144198e+00
2.788080104459731423e+00
2.801420200653318648e+00
2.814760296846905874e+00
2.828100393040493099e+00
2.841440489234080324e+00
2.854780585427667550e+00
2.868120681621254775e+00
2.881460777814842000e+00
2.894800874008429226e+00
2.908140970202016451e+00
2.921481066395603676e+00
2.934821162589190902e+00
2.948161258782778127e+00
2.961501354976365352e+00
2.974841451169952578e+00
2.988181547363540247e+00
3.001521643557127472e+00
3.014861739750714698e+00
3.028201835944301923e+00
3.041541932137889148e+00
3.054882028331476373e+00
3.068222124525063599e+00
3.081562220718650824e+00
3.094902316912238049e+00
3.108242413105825275e+00
3.121582509299412500e+00
3.134922605492999725e+00
3.148262701686586951e+00
3.161602797880174176e+00
3.174942894073761401e+00
3.188282990267348627e+00
3.201623086460935852e+00
3.214963182654523077e+00
3.228303278848110303e+00
3.241643375041697528e+00
3.254983471235284753e+00
3.268323567428871979e+00
3.281663663622459204e+00
3.295003759816046429e+00
3.308343856009633654e+00
3.321683952203220880e+00
3.335024048396808105e+00
3.348364144590395330e+00
3.361704240783982556e+00
3.375044336977569781e+00
3.388384433171157006e+00
3.401724529364744232e+00
3.415064625558331457e+00
3.428404721751918682e+00
3.441744817945505908e+00
3.455084914139093133e+00
3.468425010332680358e+00
3.481765106526267584e+00
3.495105202719854809e+00
3.508445298913442034e+00
3.521785395107029260e+00
3.535125491300616485e+00
3.548465587494203710e+00
3.561805683687790935e+00
3.575145779881378161e+00
3.588485876074965386e+00
3.601825972268552611e+00
3.615166068462139837e+00
3.628506164655727062e+00
3.641846260849314287e+00
3.655186357042901513e+00
3.668526453236488738e+00
3.681866549430075963e+00
3.695206645623663189e+00
3.708546741817250414e+00
3.721886838010837639e+00
3.735226934204424865e+00
3.748567030398012090e+00
3.761907126591599315e+00
3.775247222785186541e+00
3.788587318978773766e+00
3.801927415172360991e+00
3.815267511365948216e+00
3.828607607559535442e+00
3.841947703753122667e+00
3.855287799946710336e+00
3.868627896140297562e+00
3.881967992333884787e+00
3.895308088527472012e+00
3.908648184721059238e+00
3.921988280914646463e+00
3.935328377108233688e+00
3.948668473301820914e+00
3.962008569495408139e+00
3.975348665688995364e+00
3.988688761882582590e+00
4.002028858076169371e+00
4.015368954269757040e+00
4.028709050463343821e+00
4.042049146656931491e+00
4.055389242850518272e+00
4.068729339044105942e+00
4.082069435237692723e+00
4.095409531431280392e+00
4.108749627624867173e+00
4.122089723818454843e+00
4.135429820012041624e+00
4.148769916205629293e+00
4.162110012399216075e+00
4.175450108592803744e+00
4.188790204786390525e+00
4.202130300979978195e+00
4.215470397173564976e+00
4.228810493367152645e+00
4.242150589560739427e+00
4.255490685754327096e+00
4.268830781947913877e+00
4.282170878141501547e+00
4.295510974335089216e+00
4.308851070528675997e+00
4.322191166722263667e+00
4.335531262915850448e+00
4.348871359109438117e+00
4.362211455303024898e+00
4.375551551496612568e+00
4.388891647690199349e+00
4.402231743883787018e+00
4.415571840077373800e+00
4.428911936270961469e+00
4.442252032464548250e+00
4.455592128658135920e+00
4.468932224851722701e+00
4.482272321045310370e+00
4.495612417238897152e+00
4.508952513432484821e+00
4.522292609626071602e+00
4.535632705819659272e+00
4.548972802013246053e+00
4.562312898206833722e+00
4.575652994400420503e+00
4.588993090594008173e+00
4.602333186787594954e+00
4.615673282981182624e+00
4.629013379174769405e+00
4.642353475368357074e+00
4.655693571561943855e+00
4.669033667755531525e+00
4.682373763949118306e+00
4.695713860142705975e+00
4.709053956336292757e+00
4.722394052529880426e+00
4.735734148723467207e+00
4.749074244917054877e+00
4.762414341110641658e+00
4.775754437304229327e+00
4.789094533497816109e+00
4.802434629691403778e+00
4.815774725884990559e+00
4.829114822078578229e+00
4.842454918272165010e+00
4.855795014465752679e+00
4.869135110659339460e+00
4.882475206852927130e+00
4.895815303046513911e+00
4.909155399240101580e+00
4.922495495433688362e+00
4.935835591627276031e+00
4.949175687820862812e+00
4.962515784014450482e+00
4.975855880208037263e+00
4.989195976401624932e+00
5.002536072595211714e+00
5.015876168788799383e+00
5.029216264982386164e+00
5.042556361175973834e+00
5.055896457369560615e+00
5.069236553563148284e+00
5.082576649756735065e+00
5.095916745950322735e+00
5.109256842143909516e+00
5.122596938337497186e+00
5.135937034531084855e+00
5.149277130724671636e+00
5.162617226918259306e+00
5.175957323111846087e+00
5.189297419305433756e+00
5.202637515499020537e+00
5.215977611692608207e+00
5.229317707886194988e+00
5.242657804079782657e+00
5.255997900273369439e+00
5.269337996466957108e+00
5.282678092660543889e+00
5.296018188854131559e+00
5.309358285047718340e+00
5.322698381241306009e+00
5.336038477434892791e+00
5.349378573628480460e+00
5.362718669822067241e+00
5.376058766015654911e+00
5.389398862209241692e+00
5.402738958402829361e+00
5.416079054596416142e+00
5.429419150790003812e+00
5.442759246983590593e+00
5.456099343177178262e+00
5.469439439370765044e+00
5.482779535564352713e+00
5.496119631757939494e+00
5.509459727951527164e+00
5.522799824145113945e+00
5.536139920338701614e+00
5.549480016532288396e+00
5.562820112725876065e+00
5.576160208919462846e+00
5.589500305113050516e+00
5.602840401306637297e+00
5.616180497500224966e+00
5.629520593693811747e+00
5.642860689887399417e+00
5.656200786080986198e+00
5.669540882274573868e+00
5.682880978468160649e+00
5.696221074661748318e+00
5.709561170855335099e+00
5.722901267048922769e+00
5.736241363242509550e+00
5.749581459436097219e+00
5.762921555629684001e+00
5.776261651823271670e+00
5.789601748016858451e+00
5.802941844210446121e+00
5.816281940404032902e+00
5.829622036597620571e+00
5.842962132791207353e+00
5.856302228984795022e+00
5.869642325178381803e+00
5.882982421371969473e+00
5.896322517565556254e+00
5.909662613759143923e+00
5.923002709952730704e+00
5.936342806146318374e+00
5.949682902339905155e+00
5.963022998533492824e+00
5.976363094727080494e+00
5.989703190920667275e+00
6.003043287114254944e+00
6.016383383307841726e+00
6.029723479501429395e+00
6.043063575695016176e+00
6.056403671888603846e+00
6.069743768082190627e+00
6.083083864275778296e+00
6.096423960469365078e+00
6.109764056662952747e+00
6.123104152856539528e+00
6.136444249050127198e+00
6.149784345243713979e+00
6.163124441437301648e+00
6.176464537630888429e+00
6.189804633824476099e+00
6.203144730018062880e+00
6.216484826211650550e+00
6.229824922405237331e+00
6.243165018598825000e+00
6.256505114792411781e+00
6.269845210985999451e+00
6.283185307179586232e+00
